 9.10842103780510584e-04
 6.25402052651053975e-02
 4.39042419443348101e-03
 3.35429604426985258e-07
 2.87405670115248009e-03
 1.00305368007931069e-07
 1.75564776523584650e-06
 8.05116008895071789e-02
 8.27152400271037175e-02
 8.91803230749405040e-03
 3.57285549297768450e-03
 3.16740838124158069e-02
 2.68512620363142651e-05
 1.37578892826654337e-01
 6.82534237343055978e-03
 3.13636923573900718e-07
 8.30724850995241963e-04
 2.98931616929451818e-02
 1.44768725335835672e-04
 9.86622256629679367e-02
 3.18367426284774406e-03
 7.71787812549797475e-02
 9.04392372220308839e-05
 5.31712725351217719e-02
 2.03772250579866948e-01